user_id score
11468012,0
11468012,0
63586174,0
11468012,0
37664527,0
1109489324,0
11468012,0
113626117,0
709921639,0
159537659,0
37721941,0
349290813,0
252786948,0
37664527,0
258766660,0
46375007,0
115517843,0
185840220,0
185840220,0
185840220,0
185840220,0
185840220,0
185840220,0
93219678,0
43098607,0
114448987,0
43098607,0
33535562,0
15524023,0
33535562,0
121780378,0
837482162622443522,0
114448987,0
43098607,0
33535562,0
33535562,0
33535562,0
33535562,0
33535562,0
33535562,0
33535562,0
33535562,0
33535562,0
43098607,0
1315295406,0
491453281,0
3253939948,0
131828864,0
491453281,0
491453281,0
837482162622443522,0
43098607,0
43098607,0
59839501,0
43098607,0
910868101620781058,0
185840220,0
115517843,0
115517843,0
54736276,0
409708601,0
128964064,0
780395025230422016,0
68854669,0
185840220,0
185840220,0
185840220,0
185840220,0
185840220,0
185840220,0
185840220,0
185840220,0
185840220,0
185840220,0
47710037,0
86065554,0
810726038053462016,0
13124602,0
13124602,0
174651491,0
13124602,0
13124602,0
13124602,0
13124602,0
13124602,0
13124602,0
13124602,0
13124602,0
13124602,0
13124602,0
13124602,0
13124602,0
93896674,0
13124602,0
13124602,0
13124602,0
13124602,0
13124602,0
13124602,0
13124602,0
13124602,0
13124602,0
13124602,0
13124602,0
13124602,0
13124602,0
13124602,0
13124602,0
13124602,0
13124602,0
13124602,0
13124602,0
13124602,0
13124602,0
13124602,0
13124602,0
13124602,0
13124602,0
13124602,0
13124602,0
13124602,0
13124602,0
13124602,0
13124602,0
13124602,0
13124602,0
13124602,0
13124602,0
13124602,0
13124602,0
13124602,0
13124602,0
13124602,0
13124602,0
13124602,0
13124602,0
13124602,0
13124602,0
13124602,0
13124602,0
13124602,0
13124602,0
13124602,0
13124602,0
13124602,0
13124602,0
13124602,0
13124602,0
13124602,0
13124602,0
13124602,0
13124602,0
13124602,0
13124602,0
13124602,0
51204411,0
34288480,0
58622052,0
324474416,0
71393662,0
20931363,0
56542648,0
186693730,0
14594813,0
14594813,0
14594813,0
14594813,0
14594813,0
14594813,0
3370489865,0
14594813,0
14594813,0
14594813,0
14594813,0
14594813,0
14594813,0
14594813,0
14594813,0
14594813,0
14594813,0
14594813,0
14594813,0
14594813,0
14594813,0
