user_id score
943231097193852928,0
105155795,0
14594698,0
14594698,0
354095556,0
770481850733256708,0
770481850733256708,0
818278286249906176,0
136066224,0
771802904,0
64257256,0
253676903,0
62986843,0
2280501095,0
1027609142750527492,0
716073634645860352,0
2670726740,0
943231097193852928,0
943231097193852928,0
980819920601657344,0
35853990,0
867019657852727296,0
841022382,0
354095556,0
208112870,0
331317112,0
44942458,0
302781907,0
911644892,0
96736988,0
1042847351185006594,0
1042847351185006594,0
2614289190,0
57120899,0
76082658,0
841022382,0
2543721266,0
820638337,0
828785337841356803,0
354095556,0
33374761,0
2670726740,0
2670726740,0
2670726740,0
33374761,0
110798456,0
110798456,0
33374761,0
20449367,0
275743856,0
106920001,0
173460996,0
133580250,0
991828531255660550,0
841022382,0
42585102,0
770481850733256708,0
770481850733256708,0
770481850733256708,0
770481850733256708,0
770481850733256708,0
770481850733256708,0
770481850733256708,0
770481850733256708,0
770481850733256708,0
110798456,0
241645268,0
770481850733256708,0
770481850733256708,0
121840651,0
2796994000,0
110798456,0
896168336702275585,0
789971899,0
1418165203,0
164821394,0
1540034828,0
896168336702275585,0
1418165203,0
14594698,0
96736988,0
64257256,0
354095556,0
111123176,0
20449367,0
548024965,0
20449367,0
33374761,0
72666014,0
33374761,0
1183493647,0
2178681360,0
62986843,0
20449367,0
20449367,0
354095556,0
20449367,0
20449367,0
20449367,0
20449367,0
962912972447342592,0
20449367,0
20449367,0
14594698,0
20449367,0
20449367,0
183398510,0
20449367,0
20449367,0
20449367,0
20449367,0
20449367,0
20449367,0
20449367,0
962912972447342592,0
1202130601,0
1041157489427931137,0
3315906119,0
105155795,0
105155795,0
2267676989,0
15569046,0
140501536,0
73450893,0
9947822,0
73450893,0
27530811,0
189895054,0
189895054,0
189895054,0
189895054,0
362401324,0
2347177272,0
105155795,0
910346028536270848,0
926962852983959553,0
2670726740,0
841022382,0
2670726740,0
2670726740,0
2670726740,0
2670726740,0
931226931068063744,0
64706049,0
1875887166,0
105155795,0
770481850733256708,0
770481850733256708,0
1042918844812210178,0
1042918844812210178,0
770481850733256708,0
770481850733256708,0
14594698,0
931214119377821696,0
14594698,0
628292465,0
14594698,0
14594698,0
14594698,0
14594698,0
14594698,0
14594698,0
14594698,0
14594698,0
737323497052049408,0
33374761,0
105155795,0
354095556,0
354095556,0
354095556,0
354095556,0
354095556,0
354095556,0
354095556,0
354095556,0
354095556,0
354095556,0
354095556,0
354095556,0
2973837329,0
496180224,0
105155795,0
1523823530,0
105155795,0
177543983,0
31116114,0
1483409708,0
339295541,0
31116114,0
33374761,0
758519817578086400,0
1524441716,0
221402775,0
142650029,0
2324960123,0
1524441716,0
14594698,0
64391577,0
64391577,0
42585102,0
64391577,0
133580250,0
64391577,0
33374761,0
64391577,0
1875887166,0
943231097193852928,0
931214119377821696,0
850671524390588416,0
74215006,0
3308973275,0
64257256,0
876864061933330433,0
1032319931298324480,0
64391577,0
64391577,0
105155795,0
105155795,0
105155795,0
105155795,0
931214119377821696,0
64257256,0
841022382,0
105155795,0
105155795,0
912199954780835840,0
14594698,0
64391577,0
64391577,0
841022382,0
144307159,0
189895054,0
64391577,0
14594698,0
64391577,0
922874482813005825,0
2361384945,0
64391577,0
64391577,0
64391577,0
64391577,0
64391577,0
64391577,0
64391577,0
64391577,0
64391577,0
64391577,0
105155795,0
64391577,0
105155795,0
64391577,0
64391577,0
64391577,0
330673711,0
1042918844812210178,0
64391577,0
64391577,0
64391577,0
64391577,0
64391577,0
64391577,0
64391577,0
64391577,0
64391577,0
64391577,0
64391577,0
64391577,0
64391577,0
64391577,0
64391577,0
64391577,0
64391577,0
64391577,0
64391577,0
91247337,0
64391577,0
64391577,0
64391577,0
64391577,0
64391577,0
841022382,0
64391577,0
64391577,0
2395167540,0
221402775,0
46245847,0
1009618557339136002,0
64391577,0
325018815,0
136259441,0
64391577,0
64391577,0
20789983,0
33374761,0
42585102,0
841022382,0
64391577,0
64391577,0
105155795,0
64391577,0
133580250,0
1523823530,0
64391577,0
757000955003011072,0
64391577,0
64391577,0
64391577,0
918874832,0
757000955003011072,0
64391577,0
64391577,0
64391577,0
64391577,0
918874832,0
64391577,0
330673711,0
64391577,0
64391577,0
64391577,0
942465179903778817,0
64391577,0
64391577,0
64391577,0
68060623,0
69483114,0
64391577,0
64391577,0
64391577,0
64391577,0
64391577,0
64391577,0
64391577,0
112889280,0
69483114,0
64391577,0
64391577,0
64391577,0
107140054,0
234084349,0
64391577,0
64391577,0
64391577,0
64391577,0
69483114,0
69483114,0
1042918844812210178,0
64391577,0
331784141,0
64391577,0
38567535,0
57173699,0
57173699,0
841022382,0
122389049,0
1009618557339136002,0
105155795,0
105155795,0
1009618557339136002,0
331784141,0
3856001902,0
105155795,0
4060086012,0
4060086012,0
4060086012,0
4060086012,0
4060086012,0
4060086012,0
4060086012,0
4060086012,0
870030409890910210,0
870030409890910210,0
870030409890910210,0
870030409890910210,0
870030409890910210,0
870030409890910210,0
870030409890910210,0
870030409890910210,0
870030409890910210,0
870030409890910210,0
870030409890910210,0
870030409890910210,0
870030409890910210,0
870030409890910210,0
870030409890910210,0
870030409890910210,0
870030409890910210,0
870030409890910210,0
870030409890910210,0
870030409890910210,0
870030409890910210,0
870030409890910210,0
870030409890910210,0
275743856,0
33374761,0
122389049,0
3308973275,0
33374761,0
339295541,0
339295541,0
339295541,0
172121927,0
4060086012,0
4060086012,0
354095556,0
137934094,0
1042918844812210178,0
3994001956,0
995612258439921665,0
841022382,0
133580250,0
46245847,0
64706049,0
3994001956,0
2203709322,0
57120899,0
325018815,0
3994001956,0
3994001956,0
841022382,0
841022382,0
62804559,0
762402774260875265,0
762402774260875265,0
796180188946112512,0
14594698,0
841022382,0
105155795,0
221402775,0
841022382,0
33374761,0
2857790175,0
