809759624
987012918
3466017625
1682346739
158560714
1029526137188347904
810926401264046080
1213584216
702442438
90064915
838847114876702722
3127070081
2676895965
929223356422828032
2558355457
967135111765377024
856387632590401536
3436045019
991507039120740352
53723067
132182189
3330294580
1024277786997993477
1035925758080942080
959747055471112192
3720619637
1090164590
771149128252338176
93640885
1053381293348655104
1360093322
947467874595164162
789853431427194880
895826576
981769360430710784
459366128
182272339
983632138233942016
2587391855
60749467
928565491035267075
1905407875
1413280082
3020475009
801550201664241665
747896620503678976
1595170417
948545024450551809
2203568509
1038716920097394689
3549591075
1018583798
1519175342
4361900661
1022995387823611904
125512325
948508252119089154
2925138370
856977720626081792
1022477039440281600
910157200689004550
2191370347
255860716
970983461405290496
824373051362078720
1000043397615407104
908224795
477987160
2466721056
25380005
297577589
821013610134548480
954028636977451008
910203964678799360
898355393230811136
257604730
217241654
962797017025130496
454290853
995207523949953024
2160593489
182874722
980454707637309443
3914040677
3233721036
258394287
904286558139826176
981119370851098625
967137328870412290
127271971
965974069723254785
381958111
1357871690
994211135162322944
3086356041
723077971
980671595910807553
6176772
3005607713
419362155
3255367568
938209717024894976
389033239
1006794835230183426
921874224960163841
879295694
954313438054019072
905484189914415104
2956241161
369819398
1731731978
398687428
2465587049
282275320
1528217118
4608307754
844498026060267520
1049412981593800704
937377846
3971943863
736821346831863810
1373087046
1566326996
1506889297
191473369
3271580362
4864634739
771067860655476736
1885015045
532630773
747905753680330752
2351146833
1154688877
1050447257013764101
3403288103
800399960
2330163656
344540654
1206387360
4708952571
2321658127
4280983096
1072380048
16428179
965182889112485889
742934841214263296
711897533258317825
1405229424
69619550
2688487832
895018880
1032814717167980545
33877540
32425899
4875427757
795738730493460480
2867475933
3167977725
4027903150
779457475925905408
711688701731053570
24771026
3192613796
840995273992212481
624713108
76532437
983663899261263872
193166437
896926486116147200
255193558
2950562865
993076870051696641
811250454965325824
3278302291
950096611396538370
841061248091471875
551294645
64572525
845822397328609280
2912966797
811695792746532865
850107020401414145
1017505865161756672
1239453318
273019874
4762882595
103109996
1630119541
2178223099
1033116025053765633
1457456934
953058541602070528
32413302
589975675
517965404
3332884438
263576721
1635895454
3171129451
992168683
719646827147091969
962710924376276992
309760304
2241158043
1022825588330049536
949451834
1521404930
41418609
157475231
955912368
18622598
2873997339
2351162715
165572870
3930761241
2840157909
2424719508
423666066
2857970559
108284349
2204675407
1011922270976081920
810386049558081536
457538598
164832698
863595668102885376
381138769
4794853838
736695748943859713
911099522255933445
2722018648
1055926938706026496
854348782833676288
994562538862981120
58055404
103045051
4706631160
1047975024639053825
3091746544
1061524298
596536849
721459397642297345
822029684984582144
874325065
430070744
182628680
960218566799785990
874361059
891367888296321024
4249937894
739286673205428224
465442219
263908771
633228310
1239970640
436039842
96230550
749291510
2867589175
1317324020
1526013270
1241250151
457731208
713835289387667457
998840578203897856
4249937894
3464332703
836723217763008516
1024479013576658945
452053475
336190200
4827139822
999047654523985920
461610442
2673936893
700493280
2857504587
204066815
531760066
3185500866
2918636203
1050310008578211840
934839609862717440
51647000
952105364551450624
3687464475
2323998945
813176837274738688
804483491538882562
2557053500
950366786377183233
493140435
373638276
2825969830
894681758188392448
4898921452
1024448317206487042
1576563254
742982845
294439969
46787697
376114093
2929529560
961484726514192384
894681758188392448
377246943
920278131436589056
927593961002332161
1014030451936243716
1009518699634716675
508922596
483116318
34170181
704187292496347136
1123071320
866458508534874112
1033736009249447937
598451671
2322471248
635848398
77104691
796172891037560832
855595729
192899056
773492982267936768
779900512896425984
4416997349
2491825550
827295911231500289
908148522469425152
755593925059047424
872221597087694852
858917713
1026216033663811586
107790247
1003785029175128064
3296424547
1648913964
765773552234758144
1023279333446746112
711146293930938368
978701326594068482
976452198094790656
901398096055349249
851141745236725761
739263824264626180
33536819
869709242957168645
3930761241
1665190164
2996466210
3234349353
252176471
98355657
732364425378836480
91089038
69990365
4206823653
562359084
2929529560
900261010896023554
982295962755502081
920626404835975169
224072034
708838447914438657
132238656
174401067
2894053521
739057878238134272
1698561
201095905
3865758257
925777111582957568
1628173044
130153424
4747651335
349610098
811038455698440192
361384594
177601719
998713083924287488
758795162764140544
850189644050444289
826156148470513665
219823293
4824662289
751424766
516523358
881494880912068608
830929408697495553
856632541704486913
972948159734349824
2972645740
82513670
924737584856813569
2872073216
2576443137
537312379
143233770
32467969
3921685521
2259134293
589601948
1077680880
842341657701957633
399528712
1288442766
884035394815356928
3299639997
712309311754543104
382253462
334967867
296150557
872979578142285824
403179950
2615272999
853674860043804672
1048635596
811218122044743680
2534572889
1043911036280164352
940346586999214081
1011756890668392454
2978254899
3765126795
1022236224008929282
4877753553
905927783712522241
708005253996789761
2844453674
165837728
2902917743
773845701956632576
1699829329
4866898337
980144715856252928
1457578105
378185975
1034115728306307074
991655260656754688
458837868
752450764786786308
275366200
974072113
317405308
19169277
2905134029
155284833
1037704039717326849
1050249522625081344
494040798
973629219900149761
928370349980504064
160322203
752592260
4068088138
842094912057274368
4421931196
4851155601
990225433298907136
2175082126
274844283
3659523616
749470479145132032
4308062415
715213947268415488
2874560045
1559472542
2592352029
954891743098523653
857356947712081922
3071352489
927952490791874561
2533293982
3239132498
2658293958
4903075029
717860156718100482
853330261089677313
1038783941803696128
4823691323
925686737900273664
853445832217112576
803266198943256577
43868499
224296754
822044617
964864654496423936
2150473845
62322000
3166823581
874918498820132864
974384046
630670739
1027163438873812993
3192501297
1031771367807614976
3192501297
963833131324313601
3218855988
963049452742127616
990956466944249856
948718459881443328
901968466579730432
240272522
789113403340103681
704312520
3817823026
815824583911673856
1263910957
241144055
1044771042
3300330087
2875787269
816435154881220608
1009468839002812416
2959073027
1671114936
2297102849
1004127275321786368
1019681995352354816
3020475009
3072633299
757604616947335168
218678763
346710763
865480286057910272
1011183145209737216
2666650476
120835280
3212503612
931842525962407937
1039558853036331008
1003067489671139328
906212819837825025
818881309
292844825
1225936951
175396780
1000372937894055936
743225862451929088
978417018239143936
2929529560
3970652537
1027717951397535745
346710763
361461980
4835770636
990798339640905731
2614244976
776436002021740545
3203448225
3383176037
3293488339
735237051906396160
1062770902948028419
3344102975
896494091957137408
708377603887988737
4729893741
3563181376
1037859714346954753
725243871765106689
720738686682447872
708082671658909696
1050140561884221442
3072118526
853239758637629440
858877771795374081
2360325000
1899249638
2471737670
292545747
287158830
722753666919317504
2695595423
1061378053564174337
4858028623
1279373803
3852647691
635605725
2755096977
1462692614
873693596343558144
819279710739898369
934793361382428672
3189433165
1044078199666139136
740114090807463936
3357313119
1113950822
367782947
3171470163
1393296655
904645003338686464
170448604
2862926826
272079556
867852876659470336
3194902349
3470086959
393660392
2409242093
351895693
2617104932
2502386925
858922450456899584
4897408791
1293410226
1952044555
915558493
932296321922469888
954295488
635400437
4797622595
703315532901191680
4875057377
137092340
872641164557660161
210917704
1892109757
899562801110409216
423910857
2374141914
4179506121
3398587115
365172329
1040075213923385344
3317200725
448832715
801308724
76231496
519612403
235023060
488521517
806095543
2961428651
204942736
1259084371
282633465
131597701
382085602
1047668100
554539597
2523504918
4698783980
529794115
983689070944677888
901819555701559297
962977368
1043600204358799361
2435363606
823910159437201408
2893546104
251091353
3372024479
1029896611961425921
479891814
892801534043574272
1021728391916138496
816605747178074112
1025385081588858882
3317200725
772479311517548544
936682311403401217
1290157394
885046854949502978
922537905045803008
3386184285
1048535286186213377
902465491050131457
865273237554515969
4166734948
720738686682447872
814281482801922048
744698375740727296
792286297
71930521
607762776
820729227385262080
1037407650269601792
901703439897550849
263346613
3639483312
1058254827094892545
923557501194219520
936562758715432960
584671136
1000460890741903362
2930288503
1057294357399773184
4913935600
2243583256
576934308
4448446223
984578589667614722
4321657834
961260939428450306
4690861753
887685446897201153
2302206631
391826877
1062583070715494400
177351180
703829622660542464
920139176623747072
23181999
21410672
1010092385202790400
1046789345552814085
15551486
52697323
2869498690
197898944
3085255509
946182127
725118069815681024
1092946759
1073915322
280100696
371814548
629106817
738785973421658112
2966489043
2996278829
998117971041181696
2398660326
873200472856944640
3293179453
1039519809917149184
255737577
295338377
1925669167
981234716031508480
858997604159557634
937142722787532801
1002242232978739200
1376433031
3386496976
3405125303
566516447
937963219590754311
779028596929228800
1635804828
1208856998
849756641989885953
2320808250
2555781752
1349332680
587018851
958511239063375872
3405125541
1712412272
191496261
59284156
940382418359537664
1003089454280642560
113715711
1955067937
139832702
385729657
882648784622235650
915231714724712448
800137184137256960
2185446899
1017595348162957312
3618868453
3083647099
736980824399196160
715195482746798086
622986823
225010383
1025517792462659584
798804095486205953
761872450862796800
2538547910
868653372605378561
798415702344564738
3372201974
2536087761
619364100
884131706952970240
939152172230610944
2590629658
243300322
901472653051138048
2339318017
844211789550309376
897714147420450816
860744858734120961
610127259
124945570
871020966
4713458177
706801694
3388105989
3001906492
78405811
706355127175782400
799255628128681984
136764118
801970642488881152
904334309934460928
3482966654
1197695820
4821621440
227308573
65438753
432856706
148471361
27866022
885699636
964563401279143942
841998225842294784
968362566576635905
2319600500
995817659391295488
879775878301057024
802876925827956736
479873472
898950723442024449
125228495
899958540
2609597832
1059818771299344385
1051551772513394688
2767915601
1202563225
1425983282
4010921621
925176206181437440
830899383390593028
1008371694728122369
3980143660
298484176
1003359501075050501
779476491092434944
935164426860351494
804851375674982400
21664269
198816401
250682815
915749844
20062066
156005263
947882712689446913
19944896
1066142299
2284351825
773598724413132800
2707364154
145384633
4921859140
132004497
2728194496
945758034973904897
1415658650
867110389070397441
33431522
434026944
1060231443895513088
4853931700
726891345005174784
291466493
368079989
1671843234
479701398
892442611356708865
2283406914
4095652443
215158623
150488318
3426902585
1058749660905570304
927252734016933891
746079306
1006935097646440448
4192337489
4017663971
751591748091146240
251354566
4300490543
948571029185728512
2880098172
2197608922
749688663429222400
469245097
301364825
1054107065940086784
2411350016
1039519348296179712
967046096886353920
765581365274443777
2173946386
932267866073726977
829941705663201284
4067345416
3157939939
189563939
3295733739
1654268437
816781549676953602
1589502781
975952501718568961
705433633927139328
2473812451
929459723912536064
734076556742668292
933334754400796672
722143666622431233
3947634634
635848398
838035436845076481
1024386972406755330
985690877506019328
987956816847015936
986028669931020290
4858567492
2997703652
838951842478452737
2954256403
3960472456
358810040
831542545465344001
2997703652
208741877
2888888366
945805825234407424
2760487527
1044769998814801921
1974901130
732566447323549696
823321136524050432
387405559
580755034
851208148270678016
732629637826772993
821866788623384578
800969207332667396
343797091
2501816569
998165846328578048
2593010873
614409656
4739483121
849806128154255360
908877258135289856
1037192781196877825
1042216000106708992
859355791555350528
1001590906317955072
895434771672821761
2360799988
987051286959927297
1001086662456299521
359327452
965573796504551426
1055018236083879936
830030754935558146
774670405432934400
919997196702973952
931432757627985921
1009593397642973184
1827702132
3552248293
795919190452486144
879645890738257920
992631200673157121
102317205
771777127553392640
801112306574823425
27008857
2628338651
784247347278712832
709424272339554305
977606709639303168
283256481
754143377566883840
1037651942598692865
3043193053
801136539803729930
1011634352525119488
1041065166182313984
1332109614
2534557009
1019118494196142081
1864870039
2887647242
4001261013
829319817219944450
828727470488698880
2958119136
892796747445088256
4819069414
892078711301918721
955491139028733955
551390755
768710282789154816
1051952097397272576
500242529
1126943540
1023586884201717760
931432757627985921
798517405144195072
946227214647021569
767400023722192897
562456855
2560026810
738049057411719172
2992832169
383676051
296426412
1065036101642067968
2180773175
1000754625660768256
974319776041459713
58614851
777537037
1367260207
3438038152
995027102842974208
178453749
1532479039
1009502951063375874
1063112409567633411
2154520834
750709437485154304
1032978359221932033
1005790038720950272
925448045323608064
131913327
1044078199666139136
701938549868908544
4577069061
136168396
3024059721
938005998647865344
956494460166184966
2808059420
1035194040495554560
2811186573
244571645
4257331514
3094996707
2544932418
2999257536
2306027628
1070925445
2464645506
2406860035
805004080091271169
2313633510
2682372283
382253462
142909192
70781033
2396977267
781162043269386241
16297484
932737934809235462
3171476423
2510354719
1668079866
739607468
191505275
545554630
58073178
807691502386376704
1031266720487538691
1478046038
61704599
830102694845149185
874581280385585152
1022133654481514496
594314087
922031933311279104
1027958329123852288
3207572829
1023371973475409920
277150455
879236724005642240
415905634
997577093365067785
972481922
52504825
956286623985041409
2557107456
2682372283
240869855
1399571130
2271543909
1278378890
1479605161
2632124585
1009369983049175040
2475730687
953806002544984065
3208335405
847854129775079425
215100106
17225620
714353431197126657
917539447327076353
1569547957
2260335613
2409675319
575897307
2702358416
2569213609
2686578624
2249605224
2279908795
397002571
980911538071535618
938916215728173056
939092127564275712
4878701757
790496401
779740133436317697
2335388120
976515296
136310714
208746260
756099398094946304
149249036
189596026
1019003881802686464
179232866
862462506
188093745
1037231316016799750
871033424064196608
836937606546014208
2245806228
1040413600857419781
2270784114
1428434406
1275927307
838142295883005953
4065901033
61781055
800399960
4859840715
447441271
882715088
893926722457960449
328237658
756843696
86106873
627921768
702270959047282690
1553735406
712654272790401024
415501672
572957714
1037597464172396544
1636612873
995766318
533387919
1696212636
1861718406
2351051399
1559123400
2800962491
756254376
1705567369
806946700044763136
2695884210
1046569970
735091834498621441
933183526119399424
739286673205428224
704416673395314690
735801405303357441
3092443319
863550978829598721
931861218775547905
2414001423
3526707372
1234768026
1042975322516467712
852411702
4598976076
1666106239
2613406712
867858971754983424
1060662060936257536
946227214647021569
1060992002920275969
812019895688949760
946792067963015168
1869670662
1059072280003796993
2854724150
836145281309736960
1915593254
3003939643
215212438
711317965849886721
1047520290639695873
958783880840048640
4827139822
2402010922
1371664933
834344501384732674
791758479744765952
361384594
858377870774763523
928247161262706688
3334437911
821765595444248577
965283815588532226
269483638
323445510
826650073895489540
983020144292192257
3036983464
710593895739072513
717553833669472256
426998810
822596367726022662
255496686
38297932
1582808324
1535160902
522041887
136398842
586461354
858754379758829569
437369445
843343778509275136
761929130430504960
1061956202572111872
950508715047903232
1036072968219058177
3322259040
773524487228760064
1885878152
907523252
1054049316959084544
1017898799447015424
178383193
572267567
4712671333
3833371559
2909627007
4885282214
982903327708139520
1020074761559437313
1020731050861920256
1117872494
991488564780134400
937520660460343296
1051135686546522112
892503909205454849
1550276281
893896425226022912
1026868703084855296
3484391970
768361135300939776
1026888149664976897
3293491960
942624345330999296
573691583
2316066459
296981688
550568816
3064960395
1452885212
811955880174481409
2321666078
2558065071
516765288
3107950292
22462855
2770494231
1109412991
2891419571
1206387360
17161412
1260827263
1017898799447015424
2289224490
2614067005
3062503284
240475120
982733301059391488
3238573729
88688707
564595075
1025832668494274560
900932591594991616
2401312484
911916636
371530463
2831003746
4442819537
128226468
1620033589
756769086361640960
2506062592
2661548678
2958195545
808765051335245825
791731910
880537407124377600
2988177020
3015928372
928755322629623808
1019251529243652096
877265780110487552
876521899915980801
453331271
919922494378790912
342870623
362752964
2236873460
3230224619
4374989834
1009600201043136512
795028231
70225376
67174785
3847962389
938022493499125760
2546934524
1049016938100412416
1052144832561348608
603668845
2594740514
838636905080238081
1971895790
980627787710046209
741926618327863300
948397722310242304
892680017301442561
820959376852811776
837289173652488192
2629520346
983383457073188864
962395734850048002
1042935480441085952
767687230383132673
3166852817
3302543763
436340384
354135418
780104338287030272
1721786275
785798072143978496
2494129546
346962745
2899108338
2863506181
817832108274155520
3176700063
2466977431
2648002638
2743139403
791693661746634753
134845007
635066502
978019034703826944
972664363839467520
2841134219
501410550
977245385738485760
830170135
941493656
470828675
772200856334831616
4550546536
1150763773
2717535424
1060532189308375040
2911068068
838068076541173760
4265883250
1640529206
66761090
3105600023
941334106692038656
332612463
1705451886
941334106692038656
124746443
1040141055557918720
966796523077021696
902909369876144128
3372566577
855283019459870724
921601249887186944
1021561812645498882
803644147466993665
3704046913
1044542232756400128
1010207275003375617
830008406
1044152548830195712
3065576216
1022416279867731968
892801534043574272
1008716242390315008
1036043349386555392
918374215266443264
1021605693856641024
4204528197
1040585387578675202
863786160681648128
1058014929612095489
708344038471049216
944864968935133184
756156940925956096
796520459936239617
1029807032730378245
4233618617
700956698840674304
711815176278814720
123090567
833952152045367297
95490518
773683428722114560
1054010361354051584
981801909030924288
1058679956807417857
279660225
824290624773963782
802889709982715905
761473119794200576
1058639951074680832
827141831976640514
816274647486341121
776427886077181952
3223936212
2527106622
3247395660
3237198843
3283267916
2846265569
3267104222
2679340988
2688423812
2835794036
3281611098
493187262
2326971955
3234891854
750317473535135744
4882390521
2712770863
1050989899778809856
3302637588
493387697
1861718406
2153512748
1038130870182268928
2573118946
209126280
3301014988
73690563
874664270289674240
4177530459
27596329
285006586
569155164
2612625913
535876340
1005973295416659973
2658524699
339711812
2747193982
2730122733
2475961209
2964258274
111203500
948508252119089154
1049561075690029058
860944758
527450503
276617218
718244262568148992
912636626
818826336
1004151328032088064
787710745
423680805
2307266862
346662271
609438275
847115101
718790330
3171537859
4308459869
1542238694
2351918357
885269531022774272
273048230
2793235847
1046897543895011328
1064847132253917184
1039629313824497669
770481850733256708
909632440758603776
97245053
768237379828256768
1955423532
4574998762
2717535424
1064653123426365441
798745006106415104
1064741080871129088
1038542110906089472
2769478752
1037625437621506049
2784101154
3563181376
973615519378046977
1014984064166760450
2897437085
1000340042693431296
1058051806708858881
2800249022
971888140783931392
932263251202715649
823661068761370625
937132001362137088
1023203134196342784
733012704135417858
1062038747116699648
3301041030
241696772
950313996627755008
2231931577
1056906405070946304
1036365422
2886181657
3180412944
4603138333
4077887232
4697545249
294118095
970610319520231424
277150455
1020208284190498816
3177085555
615763477
851398868
586573494
2314899662
265283360
1058639951074680832
971664718946603010
2822366040
2761551610
341768080
3053188004
336916605
2511459216
3075409562
4853931700
713531590840815616
2590095138
876456836907577345
2365692147
3364720521
268177117
737633994456469504
1361839200
4811924952
863408670448558080
850724088154869761
1012867173826560002
891051559932579842
188093745
2517138274
1031958807327461378
280234549
928565491035267075
1015199468025778176
348070176
780500796
1006794835230183426
949263513930711042
1062921968700153856
1029579111063273473
718853556632231937
937801014824054784
4752227053
1214250204
4443497174
4044403754
1121442649
842208289676906496
840239794529718273
2152047436
806458806
3050255757
542696997
971674527251001346
3212503612
743753791242047492
156078923
273588708
866744957343645696
2907202568
971498051864006657
713574851500503040
971498051864006657
117033608
792702127714033665
360227121
1033016558455545856
615763477
370362808
3071352489
891692072
2371772396
2371334442
2994813664
955843136550461440
2359742358
2903559497
2869324288
332423281
1024896268101996544
2833803990
1051373177073541120
2166057980
763446611762515968
2525332124
770225342179049472
1055986274945957888
204265518
1023948841509380096
848628475770454016
1344994262
832630095718281216
1627154240
3437746814
126403316
967078297
2658293958
569155164
630222644
855180966
3805667293
4297983793
55976753
1064900953
2264066193
50553669
58078777
2606893339
58129686
426119140
954922099
454290853
3286021855
2969548564
484969844
32135630
867525227244290050
2285240605
737633994456469504
3900999014
2212446703
360360942
817753898169430017
730236973009408002
50094643
193533914
997312910748680192
967964368892657664
764478075400654848
4886571157
712005344952590338
2315117503
2207976198
3644375173
112655876
907883405546627072
2278688004
356868826
1057613300832321538
1242525277
979013593243910145
363463506
3071352489
714314432
435383634
2541754240
3266306545
142042364
2199112939
2868663736
268411658
722173567094362113
785046974143815681
401400158
2325101292
123090567
1002543327793819651
3358992485
1002145492095127553
1027405996828905473
901968466579730432
481335343
1026831790869110785
822127663322198017
915774448568905728
958822463508541440
930844399818428416
971789723550265345
1168768788
964196898453229568
807938028098482176
850706439974772736
919128005192040448
3036983464
576625021
874033964326858752
889202620803543040
784748679638847492
721994071053434880
857027147600248833
454996623
275187093
2152751551
1883463452
2403368046
923345126214205442
19887311
859483417775415299
899017351773003776
183707977
1004925025126944768
941170926
848694313341014016
892954370
3251422435
802841823735521281
798403278639927296
1054203368888025088
1945525376
1533130381
4150382181
318898025
3387856384
792723073359343617
808858872970477568
819856583966367744
819407408191651841
451745160
4235995303
1945525376
893444178146885632
703695925168852993
3485627537
912774961
824875237913223169
992420599829016577
446963824
1022370442504482816
2931624446
400266926
877229581727649792
3325571356
35418430
227151801
850724088154869761
724787971187056641
3450932775
3040019528
2916189292
1278338635
2511459216
2542323984
3151947883
1012867173826560002
19569136
982212604323094528
1025157966
108560141
1441803626
3071352489
3077169527
2606893339
2617323145
1054203368888025088
882055082526863360
545607376
258394287
839587038882066432
761872450862796800
1561824703
401400158
435383634
1073915322
1369910479
433938517
168758504
2911922133
2434941313
1073214842
2393040103
150696885
3190934191
634721967
3123458196
2693631348
336233229
1662979159
3723735555
1705750441
1413299546
477177077
806095543
830023350
146438467
329220184
146438467
847716504
456227247
707846746
4760466573
737747551298936832
4815627491
531595668
4189817063
281052621
349729354
243247317
2411914308
144309715
2780819399
1337032218
1369967749
1564145948
1958033754
712240157122912256
991655260656754688
1019413704205619202
991132642161590273
3064985126
824014789596815361
875729985818025984
892205508236648448
2648472981
125735735
1434000962
2808290832
3130254453
3107950292
361461980
1431717919
726932749991333889
818802404044972034
1129386732
131543333
438210542
1137017012
2720774458
774344498981769216
1963178826
2417655138
226843802
1383690086
139234152
1268581909
2548145508
612064042
898559323
887687102
2330704080
208225311
821074125989040132
191496261
2434624160
867815167563882498
2550740630
4862213825
2938103482
1362409412
605208703
3320607290
2938285685
907273172407521282
603105962
936617312987344896
515881147
2955019866
1055534921681432577
3131074474
1059594514749444097
2893142190
1061761146443784192
835277782045327360
1015757226
201871880
1091426822
373437371
1475716122
2548145508
2367347815
365587449
115444716
3065865981
394209100
4019598467
2542323984
317378810
977068984271912960
818215694101843968
2733166242
3420717695
2173135652
17581050
3308157823
2785851238
5266951
1262710272
2335388120
842380425112764416
565356746
2741621460
1006673492128026625
1022176725717929986
1506073897
96082963
1064094481845288961
2865895599
230745128
820354087082463232
787268671274188800
412410555
3416174529
52373909
3121703480
837283346522701828
838666019900030976
856766812242956288
4535557154
3419715755
1117885922
1027317493487034368
1699972442
1718497651
848249964757213184
799412324209672196
824944377134997504
753267779688685568
831766436951576576
790605732911669248
4081658561
3688542317
892078711301918721
791774476170125313
1474981033
916209331359682560
1384646275
844834539948040192
630273512
3032688261
703931480
943537498218745858
1018777966057320448
120036324
1057964275493466112
939497420056137728
3321054193
3426647759
1284777300
487503522
802941337012236288
1056661619428618240
1048776480635809793
1031873241126596608
1006249441513181184
1031873241126596608
1011127241617666054
1025295696407056384
1039558853036331008
1043104653125341184
761872450862796800
3134179871
751979246185246721
1028970208134803456
1058625907848445952
1032655978041430016
65873835
886773764939292673
796844513851559937
390488606
909015843098505217
2170050756
1054513181916184577
1386595958
2869345877
1031082462749880320
3398879327
336410667
266441237
764539236620111872
1029078291477618696
24363548
1032419380607344641
1054328499295739909
3321770893
4783089986
2465787145
951834530570121217
220133084
120121128
452301074
955287223
876456836907577345
64067259
240407342
37459649
830917752
1065289402992263168
986123312
4257730029
1669812080
1002121581760581632
2811584389
161987463
980287328538144768
960852799604117506
2930450362
253425202
2947369704
989144085486239744
949088918439329792
617134072
4589071528
986174645186453504
1197442902
832213832265322496
1338227509
860383189705121792
904362465894424578
769513462053548032
1001111289953955841
1061795582
368135608
1021389467343450113
1017784463164563456
1058518668
54500400
4096006104
1007998271409786881
992884115740520448
901834412463202311
3136133931
1024802016
893826312531570689
1047840186825154560
1019656716361912320
743448824765648896
4755709037
246257374
901290196796227584
630467565
1060135139861295105
1062063821769060352
798403278639927296
578440211
1863257666
2546184277
4906754772
1032204795178885120
828236375971479553
749796247494688768
1050595887896883200
4255393779
749454907078508544
994220121806770177
806065794593525760
800701346999455744
958081532614365185
4490169133
961184447101067265
958081532614365185
966446895894757377
917420613450588161
893089917982593024
776052397411999744
4778150054
4010421435
1058677003
3124173570
978612556901183489
4438439659
381944305
993515450486046722
799322281860362240
2732114123
1254142525
795113789892927488
765166214201024513
835304310036697088
1024040049405583360
1432027790
751980869733212161
2897166175
3321616230
3246785889
942075248
343541063
532437915
2540519242
2359900134
751980869733212161
19887311
228543701
2555075102
2558352649
2937073777
1487395915
409492325
1049716156603469824
751982572599709696
752015218012717056
902085620301955072
3959119393
752014672824598528
2398803655
