user_id score
996052988874641409,0.8572017689651149
986068162394382336,0.8358285757752799
996052988874641409,0.8572017689651149
1043910032440655874,0.9318767534287423
1898559552,0.811958127868811
727874930692505601,0.8242118832176379
987917817839345664,0.8468202684509261
987917817839345664,0.8468202684509261
2540476200,0.7248402160410153
2540476200,0.7248402160410153
2540476200,0.7248402160410153
2540476200,0.7248402160410153
2540476200,0.7248402160410153
2540476200,0.7248402160410153
2540476200,0.7248402160410153
2540476200,0.7248402160410153
2540476200,0.7248402160410153
2540476200,0.7248402160410153
2540476200,0.7248402160410153
2540476200,0.7248402160410153
1047325934586683392,0.8572017689651149
21,364
