user_id score
2505521406,0.7409598586102422
3083092750,0.9416190049861709
1047847290000617474,0.7990584410047699
885994944586014720,0.8242118832176379
1042201567695396864,0.7081126267613624
1042201567695396864,0.7081126267613624
1042201567695396864,0.7081126267613624
1042201567695396864,0.7081126267613624
1042201567695396864,0.7081126267613624
35316457,0.7409598586102422
1042201567695396864,0.7081126267613624
774040430501658624,0.8929942165253121
1042201567695396864,0.7248402160410153
1025598244724854784,0.7081126267613624
