user_id score
1050099545378627589,0.7564524646655568
4267946296,0.7713044789889335
4267946296,0.7855076010068447
836024792130138112,0.926458400140048
1041355804962504704,0.8242118832176379
817767177885519872,0.7081126267613624
733556672010948608,0.7990584410047699
17603532,0.7409598586102422
1050259072438726656,0.8762045479593887
1045033060239110146,0.9206457832445352
1049132260149157895,0.9726400642588404
884322544530190336,0.8358285757752799
1040049056691748865,0.8468202684509261
1050245854966222848,0.9726400642588404
915489901,0.9369230763705965
309991744,0.8242118832176379
917942344116264960,0.9369230763705965
884322544530190336,0.8242118832176379
103015681,0.7409598586102422
3343068207,0.7564524646655568
21391807,0.9206457832445352
21,3052
