user_id score
412493616,0.8358285757752799
374106958,0.7248402160410153
150840018,0.8358285757752799
2880062569,0.7081126267613624
844236366481412096,0.9791910611155473
969964579580252160,0.9538100696537478
1045332661051510784,0.8669901931103381
2271001794,0.7081126267613624
1050152723398742021,0.9605484476373263
1038598287710998534,0.811958127868811
1049277846307450880,0.9306775403220956
1009461647906430976,0.8669901931103381
2477786197,0.7855076010068447
240422781,0.7409598586102422
57749227,0.8929942165253121
968315539411087361,0.7713044789889335
731723743,0.7564524646655568
963585457828368385,0.9006136298589785
867559945,0.7409598586102422
2730271301,0.9077465473786139
90261153,0.7564524646655568
21,903
