user_id score
1050449997869793280,0.7713044789889335
488000151,0.7248402160410153
2869352880,0.7855076010068447
1050449997869793280,0.7713044789889335
564041611,0.8358285757752799
751101170521874432,0.9416190049861709
488000151,0.7248402160410153
488000151,0.7248402160410153
1021735118266945536,0.7409598586102422
2659499174,0.8929942165253121
1041057723692007425,0.8572017689651149
377168577,0.7713044789889335
488000151,0.7248402160410153
534832160,0.8358285757752799
488000151,0.7248402160410153
488000151,0.7248402160410153
488000151,0.7248402160410153
488000151,0.7248402160410153
488000151,0.7248402160410153
1047616265630765061,0.8468202684509261
2659499174,0.9077465473786139
21,909
