59837770
4756449072
2801872814
1049083522462433281
879561972328550400
905380718485823488
1047616265630765061
2659499174
1041057723692007425
751101170521874432
564041611
3439177857
367743996
710541808070234112
1040437546810060801
1050170040794918912
318178129
996052988874641409
986068162394382336
1043910032440655874
987917817839345664
1047325934586683392
1045383782700896257
1037445581042606080
1050232339207520257
66443094
227011157
764867758463062018
402946697
2615272999
1020650637837684737
1037156172506308608
114312114
499810696
844236366481412096
969964579580252160
1050152723398742021
963585457828368385
150840018
57749227
3083092750
774040430501658624
1042201567695396864
885994944586014720
1042847351185006594
2347177272
850671524390588416
234084349
1016819419912327169
956257739524771840
928705468763123712
953305211694534656
3633883215
128964064
69167386
1053250290873499648
963619803528392704
299820796
1032294972085678081
1053647342367371264
1041128443583258625
1050153986412687370
1044596865759686656
71075070
1050169344704036864
966095676705828864
1044317159193812993
458837868
836024792130138112
21391807
884322544530190336
917942344116264960
309991744
915489901
1050245854966222848
1049132260149157895
1050259072438726656
1041355804962504704
1052399589221957632
843598014954594305
250685867
797552427000008705
1008414076060479490
206434899
1053020186255745024
987379408204894208
1317609420
112851140
374106958
90261153
1049277846307450880
2730271301
273131390
2829106532
948592273
1020834548597379072
93640885
1050051087238135808
196446160
811311474761146368