2769742522
3295170298
373756854
701994169523433473
709380779521019905
3346701160
2909684123
229385617
885476747545899008
2741078295
3020545325
3050112472
38247323
959777759894605824
918548525864161280
948849569470787585
2893435149
3333019006
333317834
3503930783
1321994467
271003367
2756507868
245382560
710641106917179392
177798428
4026994384
1061577279363530753
1014874936597458946
750837763629576192
1061389620359913473
781832575169990656
266690290
890049418061164544
1334967986
1032983180
2776844755
44902727
2482173745
2490638821
3035288836
519714713
733551060
3294804124
263760981
717910665692856320
953763787
2871096867
889292391257174017
761248378785333248
1035578797842751491
1732410392
988352603250745345
756029276865040384
997104467978915842
903051301260537857
1054390919997333504
1040672048899653632
