956389920775557121
2659472459
900420086
1020911600973336576
841328936046977026
952576442520367105
1039608519509585920
1060897249469689857
160337731
903936938217897984
363430070
3099852726
1026879240401084416
1591582140
2394359744
54415715
3115796014
284818409
2802808556
258323876
815610083505819648
1037286913
236533554
871462801
3077996049
4065558677
1040605692959383552
87556978
2791255867
4888232608
121126674
2916908996
367782947
1046795092286214144
58865161
1049229291391733760
2914084477
1469874690
2480781667
895236318774542336
2650461102
1896052213
918452601292754945
781907087546781696
889514037276549120
2988214870
343740082
272081100
84976932
714223480514953221
3728504057
1004138436
418370634
548642612
281570507
985855239910805504
765245878609195008
920144144
558255579
340298107
969182943695470593
1950241304
3152442726
361973938
891148588121812992
443715469
3534313940
828780830726172672
2366852737
714052971584221184
879220652795940866
1094712278
4248800242
409543832
22671317
1011420541683687425
3076792353
4894717961
1059804000239919104
2746971182
1352934116
1411461164
427851279
873269271752790017
936117428874022912
892834130425151488
1367558359
274560274
939768909657509888
817199340724756480
2298360638
996569921348931589
879227433643163648
27818414
713370322750218240
953790311502893056
471556394
927958257020358661
1051556025751490561
106779498
399476777
941375214625030144
979160330
926440784982786048
134509098
51771201
1952299411
792575587705577472
813813984675659777
2963539150
711597027273084929
3405431187
998870207555887105
713378785
3370910627
16521858
2370422931
837828498429456384
1018162646519091200
2982479675
288092236
258865162
4692425924
1112019110
206036152
1014341688993644545
3236442897
778166571256741888
49820518
2199497636
828742817329582086
3529615574
856107851382759425
4236267321
829542715796881408
728189841092050944
578016405
627680948
4769589093
82768485
24784388
482202182
909241711339163648
3059222031
227305082
1005293284263170050
301329662
738018137145245696
271000289
254473179
162549169
391606213
771435227810062336
3037049172
4543895356
1915540176
1163549334
767465999893458948
905192876291874817
319803838
16381048
532721489
838145041969340421
125087042
19304136
2175923694
1000415179
1000235918018654209
3459807563
969939658464485376
930528945358942208
1879780639
960538756309594112
946370816765181952
3949425982
897191402
1545895632
78718381
177241095
4083993552
172184315
928522134934163456
815265872
710551506857160706
2860848525
1054378125726023680
698371569194811392
592771664
3404111392
709141638531190784
1012153660174843905
1091531114
997987571241275392
1022433443186130945
1692788390
1037796649
701229308610801664
958097157810245633
1703039510
113383258
2743207832
877124132781129728
277055361
833882436
3109927610
400875040
785629470992531456
175934249
240768060
724225558402338817
2414792612
557605252
908807755804311552
1209383802
4115045957
2925474510
788413068
1013874839499739137
20733757
952712195011497984
257839858
3237016094
768106776982065152
28566343
1041495195190099968
3697113322
312242073
818622119487688704
37861222
748673785553895424
721830243871387648
1011562473034534912
472146804
24357823
258283274
750676290106036225
761667666775945216
32141208
798424458
2874916002
320507132
1039552375764250625
725196836
560549025
2373111216
119570073
962840330
926462909693140993
2973477785
3291053756
1957975626
896504282215841793
2352972728
38770575
734493599941857280
850543921855901696
733317598536978433
1950318895
935611980186087424
626082246
3038321531
493622241
844193502
3374832515
898952074511122432
3438486912
1045171348153282560
1031917872862429185
135874300
57118480
3180980338
1048016354018775040
1652666665
46400543
3245002440
790964773659766784
950061116918456320
1012444240914341888
2222969636
177624133
3433265344
297642310
870729957714145280
4042197076
23335196
713686052645376000
161692654
891923981669777409
1035668096
375952301
722432685801607168
450686491
771704746906443776
987717758048649217
3353907598
874325065
704240685
1030633934894366722
3187018320
3245128347
48389869
806411239
45572817
876362800540594176
127666792
706621492293988355
25451444
854165796293140480
48473299
1026989768398315520
4706041535
1040175827919491075
450686491
33724268
958896771299594240
1380841501
1097568386
4880949215
4544025923
580797016
17432539
44605782
622699167
1021005837475696640
30143451
724632739945832449
977835020617420800
1344506772
1012308503011028992
875200550517821445
52780586
1034016863985041408
1036610436626612224
850088648154517504
2249236136
354201908
157791468
3104590603
873195586752851969
79760546
874272534
4353334876
993475621
28444109
820700063760613377
4876781001
1035668096
715192957687709696
824415828665835520
763241325776994304
41908885
813868891390742532
708431846997098496
87971165
198350227
25163073
4839196126
4695980666
441467883
339628717
813082526248030208
107647235
1334551939
611841784
852250446169243648
403580594
4857995644
1033138660596699136
1000751739379871745
1003281937857896448
172042063
857134435019390976
873986724644491264
820525452183932929
944770718784458752
938102898248028161
1623323936
845651096639037441
750860977340547073
1336282088
148580112
79322006
992916138475642880
