827046123193839616
77573351
859465903758385152
1042028117185970176
741988002335887365
2854494629
2426014421
1008151191375638528
388733629
909502553938731008
859546564041289732
781415706537492480
1008024010016243713
886015476400144384
1637060918
972161266595913733
355625088
301083222
832889734443712512
1025886197678268416
846390919851061250
1029595447860645888
70727338
873249223759847424
734954285448974336
868339371119960064
20612118
2455861860
781285074
251035821
876826469330190338
993802729779740672
926115454216802305
4133601017
1016725328025276417
3243139942
315195983
421830626
243156866
4624363289
2990203035
3224083518
715875833211129856
78590789
1048952005702684672
235601754
3081561874
55912011
1045045865927372805
3771710596
26769367
916897412664328192
119250917
81394675
1242511873
718272972851646464
3999097516
2547199641
164819092
852518181306601472
2845426470
989322745321328640
401059630
983002665318662144
116030574
943037774357258240
63114088
868956534398648320
1060905886686814208
834762507302686723
1060451295784517632
702768262430392321
37907340
8983592
130255765
50061251
4265883250
4828357725
142405121
994773249434312704
3386538539
42650880
18627335
346498546
2820580701
405362296
752513090
1945011756
977900530511921152
1024040127943847954
2884912536
2400444277
336904004
191898698
990434186585554944
593244313
1042272775078113281
858298548
4835770636
839646128635248640
2992946680
126064138
2525982168
3226036812
970598711553224704
1048016354018775040
34255894
1954968062
36530053
164816028
1001716667083354112
943097964016185344
229089187
467254088
1049912653425115137
4353514516
953235558175793152
997818437660561410
384437262
1036873185713704961
19569136
1056079992768081920
280114002
4141185980
1337815657
1630520917
1046992970363416576
2833806663
980796022925479936
747270564595785728
3236470801
110511604
2769941086
970800372779507713
1029955532973596672
1041341997607346177
2169093578
2174959212
1596339446
1005795286617346048
937722793269104640
19615922
3298423633
883836574663888899
281087828
991330763609182209
811645308031631366
57666644
2941108030
879365556025085953
764966738127642625
894633436236926976
754090543357894656
2180833382
220506545
128351243
719207803940941824
258105125
239227114
2666306059
1631208450
465086383
765119598
71920003
955807382067728384
2226143971
2209546512
28555223
3358707033
3007974191
531537808
1044676671968882689
498726860
264153049
822856018510155778
246764714
4883896312
3435846509
2380308330
2398199118
847232143205949440
805672973441101824
805389954687844353
823114265955618816
248640425
36576440
3784063233
915622953710059520
17175130
74216068
350547162
69485994
302219264
1004650284
3177975842
1000103008393363456
1016912635504324608
387678742
713137152
963593229303238656
3305273153
2312011116
125877635
1054706798140084224
854516993151705088
302740644
1252756926
418968300
789455932619104257
899888857
390235608
1020305528415801344
3102117879
867733876512362496
429574935
3233800925
122781204
505164308
383915990
3871833581
1050754774927323137
705963242720329728
1015211181064286213
1052775473334300673
1650911424
183399906
824002187688742912
952476463109951489
997150836433342464
946169828817211394
189294426
2799121185
919551036804644864
1056852726540193792
1040735930
2834894436
3286908666
265065910
4061623077
825368754234224642
767891984279343104
1027542347242860544
150705853
861499717
1281644377
1686235964
215973573
935294868330598400
127640232
1004215785332576256
1222414134
2988330973
987098847301259264
939768909657509888
353940857
2362221588
3101876689
1061308590152069121
41240089
1014618411547217921
296418455
121913698
2910380380
3435203548
2939763172
3229185328
940376145882644480
3222515798
241260073
3191537457
30134850
1006723230781108230
4858445125
2824840339
2792949674
1060392663109709824
878760652608860160
4047545771
355588991
488508582
68884377
1588896997
954628256061325312
958344724749877248
2489959080
924026763276992512
2326508574
818612851392679938
981722912884436992
885164244194480129
1008600982568124416
991168682641375232
903570154570711042
1042476502615576576
3128769198
2387517217
2658293958
113383258
3894645196
523903474
2808020828
3001444841
910426724344619008
988163573405765632
1049756085098287105
3437019057
52780586
1215392196
1040885045634973696
616581165
38325467
1049779911953711106
824131471820681216
1717344877
994026417926164481
159241601
2825054724
1309264200
2984777167
942092413706866688
2912080510
747595388878741504
137725385
53548989
918273123983781888
121814373
740205754884444160
945293923416723456
266623361
1045695492989046784
1059343736205905920
1029423004634304512
704802434737152000
810207862639116288
130698914
1023055474311278592
179470803
17327882
863540467450904577
329801954
544049075
2220418404
703662642682933248
921569401811247105
1012747031406960640
342289303
791981189297037312
819812175548018690
232360295
2941296111
1005774325
3314327422
75075132
3087187934
738951886880006144
253251851
697778915272740866
819832398296784896
933508378923622401
3501496333
3276735775
557770240
3096955996
224643102
885285747929956352
175153049
51827471
69636127
37220484
39695857
1390987278
1029214375910027264
2761345927
1625415596
1258538924
472663158
784656800
152416570
3219961502
2972870754
178164146
1384994347
967215869276442624
1242156290
1632570043
1707391134
3187379398
1052660858126561280
39750843
73755726
964590567555588098
20515090
458823291
81688505
373535381
2733166242
784819826954993664
233001338
2168121631
1027702336544796673
713038797055868930
4610724676
54711578
2287313359
987930857238417410
34436035
157105752
3300016750
186879625
346814146
887293074493366272
1025137730072858624
156245054
888039576572489728
3266101748
733856402028908545
730611838891753472
2941296111
808566007
821285712129654784
1039751238
39815994
631029361
3164452107
1007997892236402689
116044591
711638662602223616
147512776
