116753773
157662840
1031144580966768641
1579427310
453413441
880957838591492096
1028229335973552128
4860605112
473504458
275138824
923168509089275910
47331429
914013836444700672
2822151044
1018472401951166464
1009131820896563202
1458750193
837120130366779393
634220233
300515880
163193675
536229819
1024750816526262280
994050759368040454
186483426
3437088844
2902181578
780890825043640324
208700087
554066767
909460195469922304
845712697589219328
1436972828
342421711
154611527
988352228795838464
3892269322
2896062370
972070844
1042175656958873600
1056776708647464960
973404598470938624
110756486
1225936951
326272095
1039185241989111813
176426762
214278024
898560642151399424
49769405
702442438
1052818813371043840
142718126
2405575617
2882474866
3050280980
512780337
755453797334384641
2892572644
252764494
776178491184275456
709586763
924106294398738433
1000377593156243456
332356420
2902207945
1057841673462538240
974638738062979072
1058656122507190275
115549618
131158868
139744100
3207492467
1954968062
805884123172605952
2243485794
860959482007912448
1047592549937029120
833387196388429824
1050919765424963584
15210670
1056862785479630848
748474231424425984
782803015782715397
2371305157
935845842891583488
3073999859
939208268
2595248340
1017439779884019712
912075630849794048
712347580122923008
4881881697
792666667386040320
885558753772396544
742581578518401024
1043574620232802305
4889181250
1039255430860623873
898224197704482816
62919687
994170381928927233
966003684411887616
967424549825531912
95424789
982295962755502081
1061158235623903232
711361424270999552
972013744300621824
4504761161
973709003124609024
806511733556838400
914950605151580160
957223791469432832
3366868167
49089863
382746277
1043051149765607424
418468152
1063071149289099265
347853130
1028090267096764417
714068301870141442
1018010006028013568
989024903687962625
368883134
1001145395400134656
174144448
86659571
868991250120224770
1635520717
99697785
379983119
394966353
967674210746236928
1057660853808496641
1013696918902501376
1035009291202191362
4113075130
972491600197758976
874629008679415808
934245882
949588617831370752
797413524
947965046105300992
846774776790224896
2973316858
2852093361
859394177951465473
1061340630016839680
918921635251531776
966461355845931009
950061116918456320
89195841
2996478312
1048361379558821890
973507117545132032
981240651240083456
1027563924714139650
893906484198768644
2211818603
757773955268800512
58946681
1026893892808060929
1626900638
986978538237693952
480255132
1689474390
354488101
715745065767997440
2525490541
772015429980225536
737536656
121201651
2218667899
508280005
884063715083026432
2276607487
2235191251
931916234937044992
430992872
61373007
856776013849780224
139496442
727276459321085955
74634155
2508801007
1024447888687091717
975395073230811136
142936876
1032845253546598401
3999097516
205508581
133008126
320303735
501250737
232891916
3131830095
217151543
741619560449777664
3001033201
227375467
3539883381
3928788927
3025239574
2171131075
981897335016914945
945015300742897665
1022874643328380928
884668349430595585
1062601719736078336
1042255614431440896
1587077558
89557027
7078062
1331856510
2756973514
702114176
191794001
4866234496
3374620513
1411905746
934896795771162625
1051548395544961024
406516834
750132392283803648
308149319
4204394476
2205118146
1024954101203906560
2245490767
2590102849
991103038822608897
1000423797923643392
991676636738281472
892203262757285889
895351464490676224
928030334448558082
439164819
1030967052603994112
1241217564
386331742
4926663610
55747597
95789858
896631952073256960
212832416
3170116730
3274813626
1061956998214938631
1733088798
880600830981943297
827534200148545536
1314916428
2330389637
1058374771598151684
965346506906718208
239518430
712848498
718857758582444032
3286633508
162166974
818436337472798721
805462339894054913
1057342769579155457
836179424311660545
979376600218292224
1034767282281619456
916295067064852480
911970856875765762
935941877022543872
453308895
728250554229641216
162370156
744682448123006976
68291709
998309654420746240
716353184319594496
269058823
38165264
3284950933
124906485
43701861
2424354918
497508070
79314723
52527163
2859085459
236482929
407375114
728296800269025281
234036253
139619648
4774044535
455816433
818981848512679936
973064589880578048
955961808086593537
2579404224
637054393
2240426065
63764637
78762625
4361769581
2222279355
468750164
867588702108876802
2996467453
2774585069
980655367448350720
4797999202
4864834569
929928672492032000
826928319253848070
300950799
2946292514
1149940945
188861686
924757045953417221
1117829767
1122339276
481019438
228085591
2584649486
2201469774
159522357
792872498
4825672543
955245105144791043
936389858570002433
976931516440825859
1356747463
607685542
462522156
623928497
60007054
2898539001
3677110169
1026149620123090945
301770162
1053778920741527553
1064690545
3609011595
714919444
50799371
4874453542
1037790637721116673
1037704039717326849
298801329
726074192458829824
4883350689
980945437850030080
48809800
999133919969607681
1008628307921985536
2343091206
1122552697
4561936454
1042255614431440896
272154574
964941350
830031386459385856
40988068
63331725
1851205964
807891188124712960
1021606661277003776
1114510578
761761587619332096
3545722156
1054879793039265792
34510487
256469414
52822090
2410775283
418968300
68282752
4690787172
1026928364723077120
66021606
2415385095
368080101
750091608792698882
3406674886
716811398
1924613737
136090381
1012809757068025856
977141737339719680
857538370427392000
2501826312
308649397
2152148876
2807381686
728590019321978880
300452068
2482636640
2786410242
2345543131
103016216
95702419
419020546
4234003031
1955561060
1400532967
3045058793
1867419126
934897455979778048
161093015
3100538294
274262431
378964019
2456340281
729855200408784896
2755123182
872650836924653568
2527644295
523970070
521749187
307404859
2683446435
1425560670
345722828
1061505337285640192
2656161845
124828487
971259793716498432
910358957352521728
3864347956
430992872
1718462558
1015537210442092544
1059047917091196928
2329125517
335737230
83801733
1063553278695403525
611907964
988322186132951040
3849475277
346779393
2735119598
2793109089
724029156
816001094
744093648913055744
970223827044261888
4835770636
117528702
236023529
970303195556732928
22607674
836615843828097024
1045248628753932288
1062615051843129346
947534443
1041843631110414337
