user_id score
821529529797775360,0
770481850733256708,0
770481850733256708,0
770481850733256708,0
55383200,0
169299216,0
796736436414320641,0
586035110,0
61847621,0
1008440203760078852,0
1008440203760078852,0
1008440203760078852,0
1008440203760078852,0
1008440203760078852,0
1046626264092725250,0
39773060,0
139185884,0
911992958693576704,0
139185884,0
861699966359805952,0
1046626264092725250,0
181101271,0
2670726740,0
2670726740,0
61665258,0
14594813,0
25086105,0
25086105,0
25086105,0
25086105,0
25086105,0
25086105,0
25086105,0
25086105,0
25086105,0
25086105,0
25086105,0
25086105,0
20600456,0
759639116,0
107082031,0
25086105,0
25086105,0
25086105,0
25086105,0
25086105,0
25086105,0
756141641166008320,0
25086105,0
25086105,0
784179387423944705,0
187032187,0
25086105,0
25086105,0
45372078,0
756141641166008320,0
25086105,0
25086105,0
784179387423944705,0
25086105,0
25086105,0
1050097922417876993,0
840556666542268416,0
25086105,0
43354139,0
2598010340,0
25086105,0
434399699,0
25086105,0
434399699,0
25086105,0
25086105,0
25086105,0
25086105,0
1594768800,0
25086105,0
25086105,0
25086105,0
25086105,0
25086105,0
25086105,0
1594768800,0
1044554104230612992,0
25086105,0
1594768800,0
1041840771849179136,0
25086105,0
1599230419,0
25086105,0
3432883390,0
1594768800,0
1599230419,0
1594768800,0
25086105,0
1594768800,0
1594768800,0
1594768800,0
434399699,0
354095556,0
4060086012,0
354095556,0
354095556,0
354095556,0
354095556,0
14594698,0
289304720,0
841022382,0
743541075768446980,0
39064811,0
50500557,0
62986843,0
793494540879527936,0
354095556,0
3308973275,0
3308973275,0
105155795,0
221402775,0
2670726740,0
943231097193852928,0
105155795,0
14594698,0
14594698,0
770481850733256708,0
818278286249906176,0
