user_id score
2837836005,0.811958127868811
2837836005,0.811958127868811
484708020,0.8669901931103381
204469601,0.8358285757752799
2374274162,0.7081126267613624
204469601,0.8358285757752799
375815724,0.8572017689651149
948606704702361600,0.9774448840869744
999820460169814016,0.8842262830776396
51114563,0.7990584410047699
3054507479,0.7248402160410153
327726093,0.7990584410047699
71006452,0.7081126267613624
961338512745336832,0.9369230763705965
84890245,0.8762045479593887
1030637569770496001,0.811958127868811
1042701717085847552,0.8762045479593887
1050098695985930242,0.811958127868811
1039509388405293057,0.8762045479593887
970746887946035201,0.9318767534287423
1029787463236108289,0.926458400140048
174840418,0.7564524646655568
1049114126126129154,0.8572017689651149
358467827,0.7990584410047699
988160953391964160,0.9500427150733608
772542255622135809,0.7855076010068447
2837836005,0.8669901931103381
43977560,0.8468202684509261
71669735,0.9635539418518627
1048745144130920449,0.7248402160410153
916631375310131200,0.9318767534287423
1048653435984392192,0.7713044789889335
1048653435984392192,0.7713044789889335
1003090422317625344,0.7713044789889335
15566551,0.7248402160410153
204469601,0.8358285757752799
4886364225,0.9459854875837471
1048745144130920449,0.7248402160410153
204469601,0.8358285757752799
4794689716,0.8762045479593887
4794689716,0.8762045479593887
1022125083689672706,0.7081126267613624
204469601,0.8358285757752799
4886364225,0.9459854875837471
1009096622163288065,0.9144161859602663
1019314029897175040,0.8929942165253121
957703016609648641,0.9538100696537478
1048694922533060608,0.7409598586102422
113626117,0.8358285757752799
4794689716,0.8762045479593887
863433212042899456,0.7409598586102422
69381094,0.9459854875837471
1047546152017702912,0.8468202684509261
2837836005,0.8669901931103381
808491059718328320,0.7855076010068447
1050098695985930242,0.811958127868811
1016829497973276679,0.7409598586102422
101773728,0.811958127868811
1141117524,0.8572017689651149
2507327903,0.9006136298589785
1045797884044677120,0.9006136298589785
1141117524,0.8572017689651149
967371884,0.9318767534287423
1045694706523533312,0.7855076010068447
135408218,0.7564524646655568
2837836005,0.8669901931103381
103015681,0.7990584410047699
1045694706523533312,0.7855076010068447
1050098695985930242,0.811958127868811
1049443929739939843,0.9416190049861709
4794689716,0.8762045479593887
1045694706523533312,0.7855076010068447
214858514,0.8929942165253121
1048694922533060608,0.7409598586102422
1588833158,0.8242118832176379
916631375310131200,0.9318767534287423
1045694706523533312,0.7855076010068447
888231844294078468,0.9808047070318707
1578285294,0.7855076010068447
940363901090312192,0.7855076010068447
772322503,0.7409598586102422
15566551,0.7248402160410153
100793854,0.7990584410047699
1049474639079051264,0.9713041622468049
1007690413736648704,0.9635539418518627
1045694706523533312,0.7855076010068447
249868877,0.9206457832445352
948606704702361600,0.9774448840869744
966095676705828864,0.9459854875837471
1050098695985930242,0.811958127868811
45381039,0.8242118832176379
2216261527,0.8762045479593887
486799826,0.7409598586102422
1016078254908887040,0.7713044789889335
250695822,0.8762045479593887
916631375310131200,0.9318767534287423
41715333,0.7081126267613624
50792304,0.7081126267613624
978675727091482624,0.7990584410047699
1016374265308942336,0.9318767534287423
221117345,0.8762045479593887
1020506918849302529,0.7713044789889335
462173220,0.9144161859602663
970746887946035201,0.9318767534287423
94814959,0.8468202684509261
1045684659919736833,0.7081126267613624
1049716081575821312,0.9689171666559734
1021029291428065280,0.7564524646655568
1050098695985930242,0.811958127868811
204469601,0.8358285757752799
170083851,0.9605484476373263
984847779381108737,0.8762045479593887
807639432258064384,0.9369230763705965
808491059718328320,0.7855076010068447
807639432258064384,0.9369230763705965
204469601,0.8358285757752799
916631375310131200,0.9318767534287423
1046075107326742530,0.9318767534287423
234539519,0.9369230763705965
3130241813,0.7081126267613624
1033518000186576897,0.8572017689651149
743262237834371072,0.811958127868811
1045694706523533312,0.7855076010068447
1141117524,0.8572017689651149
43977560,0.8762045479593887
266950768,0.8848653406184375
100793854,0.7990584410047699
199548388,0.811958127868811
916631375310131200,0.9318767534287423
1016632239751344129,0.9077465473786139
1045694706523533312,0.7855076010068447
916631375310131200,0.9318767534287423
204469601,0.8358285757752799
988160953391964160,0.9318767534287423
805575318333517824,0.7855076010068447
101588238,0.8848653406184375
1050125053277417472,0.7855076010068447
221117345,0.8929942165253121
1036295633454415879,0.9006136298589785
100793854,0.7990584410047699
943433606311174145,0.8929942165253121
3013671179,0.8762045479593887
1049689045587124225,0.9538100696537478
1045073109425037312,0.8572017689651149
864998684580237312,0.811958127868811
1045694706523533312,0.7855076010068447
1050098695985930242,0.811958127868811
4886364225,0.9416190049861709
983450662326472704,0.8358285757752799
76984406,0.8358285757752799
2445284797,0.9144161859602663
34018275,0.9077465473786139
1049798874758565888,0.7990584410047699
191335902,0.9077465473786139
1048770319983493120,0.9144161859602663
760694850039713796,0.811958127868811
204469601,0.8358285757752799
139532692,0.8762045479593887
1048728218910556160,0.8572017689651149
1047546152017702912,0.8468202684509261
345702758,0.9318767534287423
66033577,0.7248402160410153
57996794,0.8929942165253121
976393907029397504,0.7248402160410153
188059769,0.7990584410047699
51303037,0.7713044789889335
204469601,0.8358285757752799
113626117,0.8358285757752799
883127561580052481,0.9822954839484627
1048694922533060608,0.7409598586102422
916631375310131200,0.9318767534287423
1941608581,0.8572017689651149
3855300263,0.9006136298589785
204469601,0.8358285757752799
4834303666,0.8762045479593887
916631375310131200,0.9318767534287423
1909578013,0.7855076010068447
2285287178,0.9459854875837471
1909578013,0.7855076010068447
1909578013,0.7855076010068447
204469601,0.8358285757752799
713160919983988736,0.8358285757752799
1045859530507194368,0.7564524646655568
231670424,0.7564524646655568
1045797884044677120,0.9006136298589785
1045694706523533312,0.7855076010068447
982433253469585408,0.811958127868811
1019314029897175040,0.8929942165253121
103083079,0.9726400642588404
592115021,0.811958127868811
4849202369,0.9735128604015663
954239138701697024,0.8242118832176379
961338512745336832,0.9369230763705965
343041440,0.7409598586102422
2750445733,0.7855076010068447
204469601,0.8358285757752799
153206084,0.811958127868811
3463057221,0.7409598586102422
55991970,0.7990584410047699
1909578013,0.7081126267613624
4886364225,0.9459854875837471
201,10807
