user_id score
95352888,0.7990584410047699
1022188523070345221,0.7248402160410153
65205434,0.7713044789889335
791318810812944384,0.7081126267613624
67178247,0.8242118832176379
987379408204894208,0.9735128604015663
469176906,0.7248402160410153
902160072020766722,0.7409598586102422
760226713,0.9206457832445352
39736773,0.7564524646655568
957632928988659712,0.7564524646655568
133086747,0.8848653406184375
95352888,0.7990584410047699
762327836422266880,0.8669901931103381
1053306459897901056,0.9836724090495746
323501503,0.926458400140048
65244859,0.7248402160410153
65205434,0.7713044789889335
1865894354,0.7409598586102422
867350937077207040,0.8669901931103381
982673152932270080,0.7248402160410153
1053244057105956864,0.9318767534287423
2849691151,0.9006136298589785
459711130,0.7248402160410153
255825354,0.8762045479593887
86372963,0.8762045479593887
1040974279180001285,0.8572017689651149
3355717749,0.7081126267613624
54537501,0.8669901931103381
202315668,0.7081126267613624
1040754230641012737,0.7409598586102422
1037683042406617088,0.9369230763705965
20107755,0.8929942165253121
1040682816227422209,0.8572017689651149
1022188523070345221,0.7564524646655568
762327836422266880,0.8669901931103381
1053425871787380739,0.7081126267613624
2531361868,0.7409598586102422
1286