user_id score
726840485852143616,0.7081126267613624
726840485852143616,0.7081126267613624
726840485852143616,0.7081126267613624
795391289005056000,0.811958127868811
795391289005056000,0.811958127868811
941881186137370624,0.7713044789889335
941881186137370624,0.7855076010068447
1021992782657974272,0.7081126267613624
748664911253889024,0.9663384956410118
266231426,0.7081126267613624
1021992782657974272,0.7081126267613624
1021992782657974272,0.7081126267613624
4005972742,0.7248402160410153
1049878120256479233,0.7564524646655568
3229654467,0.7248402160410153
53989306,0.9006136298589785
1021992782657974272,0.7081126267613624
53989306,0.9006136298589785
1041501836920979459,0.7081126267613624
941881186137370624,0.7713044789889335
905163376954929152,0.9735128604015663
53989306,0.9006136298589785
1678829077,0.8242118832176379
567375738,0.7248402160410153
1042003675038842880,0.7564524646655568
917420534480166912,0.9144161859602663
1021992782657974272,0.7081126267613624
1049878120256479233,0.7564524646655568
988140785886429184,0.8468202684509261
4005972742,0.7409598586102422
1040773894498603008,0.7081126267613624
4005972742,0.7409598586102422
1021992782657974272,0.7081126267613624
941881186137370624,0.7564524646655568
988140785886429184,0.8468202684509261
1050041540620574720,0.9605484476373263
1021992782657974272,0.7081126267613624
4005972742,0.7409598586102422
4005972742,0.7248402160410153
1021992782657974272,0.7081126267613624
57524161,0.7564524646655568
1021992782657974272,0.7081126267613624
1021992782657974272,0.7081126267613624
882330179674222593,0.9635539418518627
1021992782657974272,0.7081126267613624
4005972742,0.7248402160410153
1021992782657974272,0.7081126267613624
1041809836428730368,0.8848653406184375
1021992782657974272,0.7081126267613624
1021992782657974272,0.7081126267613624
4005972742,0.7081126267613624
1049782517597958152,0.8572017689651149
795391289005056000,0.811958127868811
1021992782657974272,0.7081126267613624
941881186137370624,0.7855076010068447
795391289005056000,0.811958127868811
1021992782657974272,0.7081126267613624
805830077288222725,0.8572017689651149
4005972742,0.7248402160410153
4005972742,0.7409598586102422
2882146328,0.7713044789889335
4005972742,0.7248402160410153
53989306,0.9006136298589785
1042165451256676353,0.9144161859602663
941881186137370624,0.8242118832176379
941881186137370624,0.8242118832176379
4005972742,0.7248402160410153
795391289005056000,0.811958127868811
68646355,0.8242118832176379
1046409884667969536,0.8929942165253121
988140785886429184,0.8468202684509261
1239199008,0.9774448840869744
988140785886429184,0.8468202684509261
941881186137370624,0.811958127868811
795391289005056000,0.7990584410047699
941881186137370624,0.7564524646655568
941881186137370624,0.7409598586102422
748664911253889024,0.9663384956410118
988140785886429184,0.8468202684509261
988140785886429184,0.8468202684509261
68646355,0.8242118832176379
767846507924119552,0.9791910611155473
1041501836920979459,0.7081126267613624
795391289005056000,0.7990584410047699
923329106128883712,0.7855076010068447
4005972742,0.7081126267613624
4005972742,0.7081126267613624
4005972742,0.7081126267613624
795391289005056000,0.7990584410047699
1964754438,0.7990584410047699
151718424,0.7081126267613624
3396537197,0.7081126267613624
988140785886429184,0.8468202684509261
1042994070191136768,0.9500427150733608
53989306,0.9006136298589785
817744636127170560,0.9538100696537478
941881186137370624,0.7081126267613624
3343209699,0.8669901931103381
1048606109110603776,0.7248402160410153
28887389,0.7409598586102422
4106581827,0.8762045479593887
3159845565,0.9144161859602663
795391289005056000,0.7990584410047699
988140785886429184,0.8468202684509261
28887389,0.7409598586102422
988140785886429184,0.8468202684509261
748664911253889024,0.9663384956410118
941881186137370624,0.7990584410047699
1050072379706302464,0.986117751433109
4005972742,0.7248402160410153
1050649423020056576,0.7990584410047699
988140785886429184,0.8468202684509261
988140785886429184,0.8468202684509261
1037825166389260292,0.7248402160410153
535232941,0.7248402160410153
795391289005056000,0.7990584410047699
941881186137370624,0.7409598586102422
1045328297062780929,0.926458400140048
988140785886429184,0.8468202684509261
795391289005056000,0.7990584410047699
4005972742,0.7081126267613624
919024633747247105,0.9006136298589785
805830077288222725,0.8572017689651149
4005972742,0.7081126267613624
28887389,0.7409598586102422
28887389,0.7409598586102422
976877508212740096,0.8848653406184375
1044351083412418561,0.7081126267613624
1041501836920979459,0.7081126267613624
988140785886429184,0.8468202684509261
941881186137370624,0.7713044789889335
985761156441804800,0.8929942165253121
805830077288222725,0.8572017689651149
988140785886429184,0.8468202684509261
795391289005056000,0.7990584410047699
4005972742,0.7081126267613624
941881186137370624,0.7713044789889335
324624698,0.7248402160410153
1050041540620574720,0.9605484476373263
1019780195732029440,0.7713044789889335
929051775587450882,0.8848653406184375
941881186137370624,0.7713044789889335
1021992782657974272,0.7081126267613624
988140785886429184,0.8468202684509261
1039209678792798208,0.9538100696537478
1678829077,0.8242118832176379
4005972742,0.7081126267613624
941881186137370624,0.7713044789889335
795391289005056000,0.7990584410047699
795391289005056000,0.7990584410047699
748664911253889024,0.9663384956410118
795391289005056000,0.7990584410047699
1025811542292488192,0.9369230763705965
795391289005056000,0.7990584410047699
4005972742,0.7081126267613624
941881186137370624,0.7713044789889335
1041144158818201600,0.7409598586102422
39511824,0.7713044789889335
1678829077,0.8242118832176379
805830077288222725,0.8572017689651149
349040697,0.7990584410047699
4005972742,0.7081126267613624
988140785886429184,0.8358285757752799
1729535894,0.7081126267613624
748664911253889024,0.9663384956410118
1021992782657974272,0.7081126267613624
4005972742,0.7081126267613624
68646355,0.8358285757752799
354013011,0.8762045479593887
735247171470118912,0.8762045479593887
988140785886429184,0.8358285757752799
988140785886429184,0.8358285757752799
795391289005056000,0.7990584410047699
795391289005056000,0.7990584410047699
158182411,0.7855076010068447
805830077288222725,0.8572017689651149
988140785886429184,0.8358285757752799
1021992782657974272,0.7081126267613624
28887389,0.7409598586102422
1046536901489033223,0.9573060895532347
1021992782657974272,0.7081126267613624
1040425798988189697,0.7564524646655568
1040580456989769729,0.9006136298589785
1035887915048554498,0.811958127868811
1040408399391940608,0.8848653406184375
153196894,0.7564524646655568
988140785886429184,0.8358285757752799
941881186137370624,0.7409598586102422
941881186137370624,0.7409598586102422
4005972742,0.7081126267613624
783061606854950914,0.7409598586102422
4005972742,0.7081126267613624
1050996446122692609,0.9369230763705965
28887389,0.7409598586102422
784838710193975296,0.9808047070318707
4005972742,0.7081126267613624
980049198635679744,0.7409598586102422
805830077288222725,0.8572017689651149
911609792912912384,0.7248402160410153
795391289005056000,0.7990584410047699
4005972742,0.7081126267613624
201,8891
