user_id score
1050043242971049985,0.7564524646655568
39300705,0.7081126267613624
1040544995948875776,0.8358285757752799
710116320654794752,0.8358285757752799
1049831076154224640,0.9459854875837471
1046787440583876608,0.7855076010068447
1044336322851336197,0.811958127868811
53482993,0.7409598586102422
81936579,0.7248402160410153
148736749,0.7564524646655568
3310997745,0.8572017689651149
976429016726073344,0.7855076010068447
790648832065413124,0.9206457832445352
397594733,0.7564524646655568
1049098604651208705,0.9726400642588404
1044910909548843008,0.7855076010068447
446513633,0.9006136298589785
990013357041311744,0.7564524646655568
1048941074952200192,0.9318767534287423
301666384,0.8669901931103381
449668720,0.7409598586102422
2633232177,0.9318767534287423
974339971065753600,0.7564524646655568
1040075267006496768,0.7564524646655568
1035549843563970560,0.811958127868811
705187111981465600,0.7713044789889335
50464416,0.9144161859602663
1044645878932414464,0.926458400140048
981564585743446017,0.8468202684509261
956234542842556421,0.9416190049861709
980524918327701504,0.7564524646655568
395475027,0.8762045479593887
9275072,0.7564524646655568
154636840,0.8929942165253121
355706445,0.9144161859602663
1049999605205753857,0.986117751433109
2488584548,0.7409598586102422
1041642377213931520,0.7081126267613624
296807173,0.8669901931103381
1047279031408898049,0.9318767534287423
894391956335460352,0.9663384956410118
521323888,0.7081126267613624
43195554,0.7248402160410153
158098649,0.8572017689651149
111351685,0.7564524646655568
60564728,0.811958127868811
1049402843046825984,0.7409598586102422
68220743,0.811958127868811
900174954922221569,0.7409598586102422
707680924104855552,0.7248402160410153
1010568111676944386,0.9573060895532347
374531148,0.8669901931103381
1008871219364532225,0.7564524646655568
329403994,0.7409598586102422
347460893,0.7081126267613624
438602447,0.9006136298589785
148736749,0.7564524646655568
705187111981465600,0.7564524646655568
78621699,0.7081126267613624
1042624081017954304,0.8669901931103381
1044222950851923968,0.7855076010068447
102855592,0.8358285757752799
320300538,0.9416190049861709
956548355324342272,0.7248402160410153
85787933,0.811958127868811
3072913025,0.8242118832176379
616446570,0.7713044789889335
1049693336783740929,0.8929942165253121
1041119623087775744,0.8572017689651149
46470818,0.7248402160410153
395475027,0.8762045479593887
132325080,0.7855076010068447
223797354,0.7409598586102422
470487141,0.9144161859602663
43195554,0.7248402160410153
130912321,0.8929942165253121
191211826,0.7564524646655568
402117420,0.8572017689651149
51991062,0.9006136298589785
780615189322276865,0.7409598586102422
1042821147979640833,0.9605484476373263
333722890,0.8669901931103381
1048139361387237376,0.7855076010068447
1040426669297868801,0.8468202684509261
282307364,0.8929942165253121
315006027,0.8669901931103381
980774699260051457,0.811958127868811
1017231456039563264,0.8929942165253121
1046986445037166592,0.9369230763705965
25592366,0.811958127868811
1044609174108340224,0.7855076010068447
1049390885312573441,0.7855076010068447
1048941074952200192,0.9318767534287423
1044187125770539008,0.7248402160410153
1000450601615024128,0.7990584410047699
57228532,0.8358285757752799
1329617304,0.9573060895532347
1329617304,0.9573060895532347
46470818,0.7248402160410153
132126559,0.7855076010068447
1000450601615024128,0.7990584410047699
1007117210,0.7248402160410153
2486891627,0.7248402160410153
1000450601615024128,0.7990584410047699
119742262,0.9144161859602663
43195554,0.7248402160410153
80177692,0.811958127868811
50080818,0.7081126267613624
147319984,0.8762045479593887
50464416,0.9006136298589785
191211826,0.7564524646655568
2486891627,0.7248402160410153
485782085,0.7081126267613624
1529064896,0.7564524646655568
246058708,0.7409598586102422
1042576120330240000,0.7990584410047699
387341467,0.8762045479593887
1044276757896089601,0.811958127868811
761564683216293889,0.8572017689651149
2316712726,0.7248402160410153
710116320654794752,0.8358285757752799
1046479117510684673,0.9538100696537478
28785631,0.7855076010068447
2664225818,0.7409598586102422
1039324803856060416,0.7081126267613624
156272208,0.7564524646655568
1044910909548843008,0.7855076010068447
1034214145615441920,0.7564524646655568
1000450601615024128,0.7990584410047699
69944466,0.8848653406184375
1027348803249160192,0.7564524646655568
1329617304,0.9573060895532347
128737185,0.8762045479593887
1027727162730848256,0.7990584410047699
1024111975402491904,0.9144161859602663
148736749,0.7564524646655568
966382690332303361,0.7564524646655568
2882599684,0.7713044789889335
81959067,0.9459854875837471
200286499,0.7248402160410153
1043858867493502977,0.7713044789889335
154697041,0.8762045479593887
296807173,0.8669901931103381
293758394,0.7713044789889335
242902999,0.7409598586102422
37266229,0.7713044789889335
86790522,0.7409598586102422
727523293,0.7713044789889335
1000747506,0.7248402160410153
1046637997892997120,0.7990584410047699
1048674815975075840,0.720216811742543
340023547,0.9500427150733608
1044910909548843008,0.7855076010068447
1046513569557348354,0.7248402160410153
393619284,0.8572017689651149
1025345315254296576,0.9635539418518627
1010287475141562369,0.8929942165253121
238828851,0.7248402160410153
705187111981465600,0.7713044789889335
272692718,0.7713044789889335
1568000702,0.8468202684509261
25592366,0.811958127868811
1041649433501290496,0.7855076010068447
60247031,0.7564524646655568
136591405,0.7713044789889335
118112718,0.7564524646655568
1049109786502090752,0.7081126267613624
323522248,0.9006136298589785
374531148,0.8669901931103381
1044694225542164480,0.8349681014556402
25592366,0.811958127868811
91384306,0.7081126267613624
246056730,0.7855076010068447
46470818,0.7248402160410153
30630934,0.7564524646655568
1043893689217626113,0.811958127868811
445127448,0.8848653406184375
1049455716698939397,0.8669901931103381
1046054347753304069,0.7409598586102422
2878822125,0.8242118832176379
1049390885312573441,0.7855076010068447
271490202,0.7081126267613624
72066444,0.8468202684509261
395224648,0.7990584410047699
1041459865615585280,0.9573060895532347
301700259,0.7081126267613624
2867470844,0.7564524646655568
1034426755224887301,0.9077465473786139
340696362,0.7713044789889335
3031151795,0.7855076010068447
113047730,0.7409598586102422
2196231725,0.811958127868811
2476860839,0.8929942165253121
54537636,0.7248402160410153
709851559329456132,0.926458400140048
319342735,0.9774448840869744
182883219,0.7713044789889335
1049289342756249600,0.9726400642588404
423635074,0.7248402160410153
2764369127,0.8572017689651149
605821473,0.7081126267613624
201,5132
