user_id score
1052399589221957632,0.8468202684509261
850515086355689473,0.7713044789889335
843598014954594305,0.9206457832445352
250685867,0.8848653406184375
797552427000008705,0.9206457832445352
128196503,0.7248402160410153
1008414076060479490,0.9077465473786139
811311474761146368,0.8242118832176379
412349587,0.9663384956410118
293307643,0.8572017689651149
1052399589221957632,0.8358285757752799
1008414076060479490,0.9077465473786139
206434899,0.8242118832176379
1053020186255745024,0.926458400140048
987379408204894208,0.9713041622468049
1043183280223387653,0.7713044789889335
1317609420,0.9077465473786139
4509214822,0.7081126267613624
50173355,0.7248402160410153
196446160,0.7990584410047699
112851140,0.8242118832176379
21,2527
