user_id score
80920090,0.8358285757752799
1053419963879510016,0.7081126267613624
1053647342367371264,0.9689171666559734
53448941,0.9206457832445352
760971936147050496,0.7713044789889335
1032294972085678081,0.8669901931103381
1053250290873499648,0.926458400140048
1053250290873499648,0.926458400140048
993639478014169089,0.9726400642588404
165820508,0.7564524646655568
399606898,0.9318767534287423
1053647633754083329,0.7564524646655568
1053250290873499648,0.926458400140048
1053250290873499648,0.926458400140048
1053250290873499648,0.926458400140048
1053054413466755073,0.7081126267613624
299820796,0.9416190049861709
963619803528392704,0.9726400642588404
1053250290873499648,0.9206457832445352
1057550803,0.7248402160410153
69167386,0.8358285757752799
21,599
