user_id score
1045383782700896257,0.9077465473786139
806112558566543360,0.7081126267613624
53441410,0.811958127868811
988218643245944832,0.7248402160410153
259573002,0.7081126267613624
764867758463062018,0.9006136298589785
134621662,0.8358285757752799
835641609823928321,0.811958127868811
835641609823928321,0.811958127868811
1037445581042606080,0.9369230763705965
1037445581042606080,0.9369230763705965
66443094,0.8929942165253121
1050103161183178752,0.8929942165253121
393212338,0.7564524646655568
1050232339207520257,0.9144161859602663
67937401,0.8358285757752799
1050232339207520257,0.9144161859602663
803723144607526912,0.7855076010068447
227011157,0.8848653406184375
227011157,0.8848653406184375
393212338,0.7564524646655568
21,248
