user_id score
4228242731,0.7564524646655568
4228242731,0.7564524646655568
211269330,0.7564524646655568
899193197154271233,0.7081126267613624
1037466257833041920,0.7855076010068447
4228242731,0.7855076010068447
4228242731,0.7713044789889335
928705468763123712,0.9006136298589785
4228242731,0.7855076010068447
4228242731,0.7713044789889335
3633883215,0.9144161859602663
954521290383163392,0.8572017689651149
928705468763123712,0.9006136298589785
899193197154271233,0.7081126267613624
4228242731,0.7855076010068447
953305211694534656,0.8242118832176379
953305211694534656,0.8242118832176379
953305211694534656,0.8242118832176379
953305211694534656,0.8242118832176379
968340550494584833,0.9077465473786139
4228242731,0.7855076010068447
21,536
