user_id score
1041128443583258625,0.9077465473786139
1050153986412687370,0.8762045479593887
1041128443583258625,0.9077465473786139
1044596865759686656,0.9077465473786139
628109917,0.8468202684509261
458837868,0.9538100696537478
1173591313,0.8669901931103381
60195116,0.7990584410047699
71075070,0.8929942165253121
962713741623250945,0.7713044789889335
1050207145206181888,0.7409598586102422
1050169344704036864,0.9006136298589785
907732305963253760,0.7713044789889335
1040795442009833473,0.8669901931103381
62304853,0.7081126267613624
907732305963253760,0.7713044789889335
966095676705828864,0.9416190049861709
491349263,0.7409598586102422
60195116,0.7990584410047699
3973607973,0.7081126267613624
1044317159193812993,0.8572017689651149
21,696
