user_id score
3439177857,0.9206457832445352
367743996,0.9206457832445352
245818242,0.8929942165253121
1041095939925131265,0.7564524646655568
3635898076,0.7713044789889335
221117345,0.7564524646655568
710541808070234112,0.8572017689651149
1040437546810060801,0.8848653406184375
74794373,0.8929942165253121
1050170040794918912,0.9500427150733608
1012170343224619008,0.7409598586102422
1012170343224619008,0.7409598586102422
1012170343224619008,0.7409598586102422
1045521638706618368,0.9077465473786139
299285259,0.8242118832176379
299285259,0.8242118832176379
321174552,0.7564524646655568
318178129,0.9206457832445352
318178129,0.9206457832445352
1047278772448313344,0.7409598586102422
326478273,0.7248402160410153
21,751
