user_id score
59837770,0.8848653406184375
4756449072,0.7248402160410153
1008704389425573888,0.7081126267613624
3418921109,0.7081126267613624
2801872814,0.8468202684509261
898319449656315904,0.7409598586102422
1022469780941492224,0.811958127868811
1049083522462433281,0.9416190049861709
905380718485823488,0.7081126267613624
905380718485823488,0.7081126267613624
905380718485823488,0.7081126267613624
905380718485823488,0.7081126267613624
905380718485823488,0.7081126267613624
905380718485823488,0.7081126267613624
905380718485823488,0.7081126267613624
905380718485823488,0.7081126267613624
1008704389425573888,0.7081126267613624
905380718485823488,0.7081126267613624
879561972328550400,0.811958127868811
879561972328550400,0.8242118832176379
897483795347128320,0.7081126267613624
21,1317
