user_id score
402946697,0.8929942165253121
1039362995615354881,0.7855076010068447
1049045142580211713,0.7713044789889335
1020834548597379072,0.8242118832176379
948592273,0.811958127868811
906533557048397825,0.811958127868811
2615272999,0.9006136298589785
1915849795,0.7855076010068447
1037156172506308608,0.8358285757752799
499810696,0.8848653406184375
114312114,0.9416190049861709
132748521,0.811958127868811
63236916,0.7855076010068447
84139645,0.9573060895532347
2829106532,0.8468202684509261
906533557048397825,0.811958127868811
93640885,0.8848653406184375
1020650637837684737,0.8929942165253121
1020650637837684737,0.8929942165253121
273131390,0.8929942165253121
1050051087238135808,0.9573060895532347
21,544
